date;T;RG;RH;ET0
2012-01-01;-8.7;6.75;66.7;0
2012-01-02;0.7;7.2;42;0.14
2012-01-03;4;6.76;41;0.65
2012-01-04;5.3;5.37;31.3;0.77
2012-01-05;5.5;5.02;33.1;0.73
2012-01-06;-4.5;7.31;54.7;0
2012-01-07;-5.2;6.64;53.7;0
2012-01-08;-4.4;7.5;55.4;0
2012-01-09;2.5;7.55;53.3;0.43
2012-01-10;-0.5;6.6;57.7;0
2012-01-11;-13.1;5.78;84.2;0
2012-01-12;-13;5.13;72.5;0
2012-01-13;-4.6;7.44;62.6;0
2012-01-14;-1.9;6.63;42.2;0
2012-01-15;-4.3;5.16;48.7;0
2012-01-16;-15.2;3.25;85.9;0
2012-01-17;-13.8;8.47;55.4;0
2012-01-18;-12.8;4.9;70;0
2012-01-19;-7.1;6.69;69.1;0
2012-01-20;-8.1;8;75.6;0
2012-01-21;1.4;5.41;74.1;0.2
2012-01-22;-4;5.7;78.5;0
2012-01-23;-4.2;8.94;49;0
2012-01-24;-4.5;8.67;63.5;0
2012-01-25;0.3;5.98;45.8;0.05
2012-01-26;-1.7;7.15;59.2;0
2012-01-27;-6.4;3.51;73.9;0
2012-01-28;-8;6.65;51.4;0
2012-01-29;0.4;5.88;44;0.07
2012-01-30;2;5.96;47.1;0.31
2012-01-31;-1.2;8.98;58.2;0
2012-02-01;-2;7.62;52.2;0
2012-02-02;-2.2;6.18;60.3;0
2012-02-03;-5.4;6.65;89.7;0
2012-02-04;-4.2;10.65;71.1;0
2012-02-05;-0.8;11.11;47.7;0
2012-02-06;-6;5.74;75;0
2012-02-07;-11.2;5.3;89.6;0
2012-02-08;-9;10.05;81.8;0
2012-02-09;-6.5;9.02;64.2;0
2012-02-10;-17.7;10.74;77.6;0
2012-02-11;-13.6;12.65;58;0
2012-02-12;-2.1;11.18;65.4;0
2012-02-13;-3;9.7;74.4;0
2012-02-14;-4;7.46;80;0
2012-02-15;-7.5;10.16;73.4;0
2012-02-16;-3.9;12.73;50.1;0
2012-02-17;-5.6;9.96;64.2;0
2012-02-18;-2.9;13.46;65;0
2012-02-19;-3.3;6.15;85.3;0
2012-02-20;-6.1;12;72.6;0
2012-02-21;-4.2;6.07;83.8;0
2012-02-22;-2.5;3;95.4;0
2012-02-23;-6.6;4.47;90.9;0
2012-02-24;-8.3;8.35;86.4;0
2012-02-25;-2.3;11.63;66.3;0
2012-02-26;-10;6.68;86.6;0
2012-02-27;-7.3;8.6;58.6;0
2012-02-28;-7.5;4.87;74.5;0
2012-02-29;-5.5;15.45;71.2;0
2012-03-01;-4.7;16.14;54.7;0
2012-03-02;-9.9;9.78;81.6;0
2012-03-03;-3.5;10.28;77;0
2012-03-04;-0.7;10.78;72.5;0
2012-03-05;4.5;16.45;40.8;1.5
2012-03-06;0.2;9.88;60.3;0.05
2012-03-07;-8.4;14.03;79;0
2012-03-08;-2.4;17.46;48.2;0
2012-03-09;6.8;17.08;24.8;2.52
2012-03-10;9.3;18.38;16.6;3.59
2012-03-11;8.6;18.7;27.6;3.1
2012-03-12;4.9;17.63;40.7;1.71
2012-03-13;8.6;14.43;31.3;2.37
2012-03-14;4.2;16.41;43.5;1.37
2012-03-15;7.5;18.39;39;2.45
2012-03-16;10.8;17.59;35.5;3.08
2012-03-17;10.6;16.79;38.6;2.82
2012-03-18;10.4;15.45;25.7;3
2012-03-19;0.4;14.21;66.2;0.13
2012-03-20;-0.2;20.17;47.2;0
2012-03-21;7.5;17.7;24.2;2.8
2012-03-22;10.3;19.99;22.4;3.89
2012-03-23;12;17.95;25;3.75
2012-03-24;4.4;18.91;61.1;1.48
2012-03-25;11.5;19.46;49.6;2.92
2012-03-26;9.3;11.64;42.4;1.81
2012-03-27;5.5;17.17;62.3;1.6
2012-03-28;9.3;20.25;24.8;3.61
2012-03-29;7.7;19.17;45.1;2.39
2012-03-30;11.4;18.7;31.8;3.51
2012-03-31;14.8;20.83;28.5;4.61
2012-04-01;12.1;22.02;32.2;4.19
2012-04-02;1.1;6.39;67.1;0.18
2012-04-03;3.6;22.48;38.6;1.71
2012-04-04;8.1;22.3;40.1;3.03
2012-04-05;10.9;21.13;50.2;3.03
2012-04-06;4.4;15.09;78.6;1.21
2012-04-07;-1;19.04;62.9;0
2012-04-08;1.7;23.15;36.7;0.95
2012-04-09;3;22.59;38.3;1.49
2012-04-10;3.1;22.66;44.5;1.42
2012-04-11;11.3;22.8;66.2;3.32
2012-04-12;8.7;19.29;66.2;2.43
2012-04-13;3.9;17.39;63.6;1.25
2012-04-14;2.2;3.92;89.7;0.24
2012-04-15;-2.1;3.93;96.3;0
2012-04-16;-0.5;14.17;79.3;0
2012-04-17;6.1;12.88;62.2;1.34
2012-04-18;5.3;12.63;62.6;1.19
2012-04-19;3.8;14.59;82.1;1.05
2012-04-20;5.8;17.69;60.8;1.71
2012-04-21;6.5;20.82;53;2.15
2012-04-22;7.6;25.67;41.3;3.25
2012-04-23;17.3;25.35;24.3;6.23
2012-04-24;16.7;23.25;35;5.03
2012-04-25;12.9;22.31;45.2;3.74
2012-04-26;15.2;20.28;46.4;3.67
2012-04-27;5;4.66;90.9;0.52
2012-04-28;-1.7;7.44;95.7;0
2012-04-29;1.3;17.6;81.1;0.49
2012-04-30;8.1;20.97;43.6;2.74
2012-05-01;8.8;21.75;54.4;2.73
2012-05-02;10.2;24.98;54.2;3.4
2012-05-03;9;12.59;64.1;1.71
2012-05-04;12.3;16.91;66.9;2.65
2012-05-05;4.1;4.67;94.9;0.45
2012-05-06;4.2;25.57;58.9;1.88
2012-05-07;4.5;22.35;45.8;1.85
2012-05-08;5.8;28.28;43.7;2.86
2012-05-09;13.5;26.53;28.8;5.48
2012-05-10;9.6;23.95;48.6;3.21
2012-05-11;2.6;18.17;45.8;0.98
2012-05-12;7;28.99;40.3;3.49
2012-05-13;12.3;28.38;31.4;5.39
2012-05-14;15.7;28.91;20.8;6.97
2012-05-15;12.9;28.6;31.9;5.54
2012-05-16;18.6;24.87;27.6;6.11
2012-05-17;15.5;19.6;39.9;3.91
2012-05-18;11.4;12.64;72.1;1.97
2012-05-19;4.8;25.02;76.3;2.04
2012-05-20;9.9;25.73;47.9;3.53
2012-05-21;16.7;27.89;38;5.74
2012-05-22;14.2;15.83;43.6;2.95
2012-05-23;6.5;13.14;66.8;1.43
2012-05-24;3.9;9.5;82;0.74
2012-05-25;0.9;4.31;97.2;0.11
2012-05-26;5.6;9.17;99.8;0.95
2012-05-27;8.1;23.61;70.2;2.79
2012-05-28;4.5;19.08;73.6;1.51
2012-05-29;7;27.56;67.4;2.92
2012-05-30;7.6;16.39;73.5;1.93
2012-05-31;9.3;21.63;61.9;2.81
2012-06-01;10.8;22.26;70.2;3.16
2012-06-02;14.8;27.43;49.7;4.56
2012-06-03;15.8;28.74;60.1;4.9
2012-06-04;21.6;28.81;40.3;6.44
2012-06-05;21.3;23.09;34.9;5.57
2012-06-06;16.5;30.54;34.3;6.49
2012-06-07;10.9;10.77;75.7;1.68
2012-06-08;15.1;27.82;56.8;4.65
2012-06-09;12.8;29.42;64.6;4.5
2012-06-10;9.2;24.66;66;3.15
2012-06-11;9.6;18.2;76.9;2.46
2012-06-12;12.2;22.48;57.9;3.42
2012-06-13;15.8;28.54;41.4;5.47
2012-06-14;13.3;30.42;48.2;4.86
2012-06-15;16.7;28.35;51;4.97
2012-06-16;12.4;29.65;53;4.45
2012-06-17;19.2;27.66;37.1;6.13
2012-06-18;17.6;29.42;44.7;5.67
2012-06-19;12.4;21.95;66.2;3.37
2012-06-20;8.6;19.32;68.5;2.42
2012-06-21;13.1;30.21;51.8;4.67
2012-06-22;16.7;27.82;53.1;4.89
2012-06-23;22.2;29.42;57.6;5.83
2012-06-24;23.6;27.36;52.6;5.58
2012-06-26;26.2;29.98;22.2;8.83
2012-06-27;18.9;25.59;43;5.26
2012-06-28;20;31.06;31.8;7.4
2012-06-29;22.3;30.85;36.5;7.28
2012-06-30;21;29.44;39;6.6
2012-07-01;23.7;26.45;29.8;6.98
2012-07-02;20.7;27.71;46.2;5.65
2012-07-03;23.9;24.82;40.7;5.81
2012-07-04;19.2;29.59;39;6.38
2012-07-05;20.3;13.7;63.2;2.82
2012-07-06;13.5;5.22;99.1;1.07
2012-07-07;14;29.56;84.9;4.74
2012-07-08;16.1;28.82;72.9;4.96
2012-07-09;20.4;28.74;53.1;5.51
2012-07-10;22.3;29.45;38.4;6.82
2012-07-11;23.3;26.65;34.4;6.63
2012-07-12;20.4;26.04;43.1;5.52
2012-07-13;23.1;28.46;34.1;7.05
2012-07-14;25.5;22.19;30.3;6.07
2012-07-15;24.4;20.12;41.3;4.79
2012-07-16;22.9;28.69;49;5.85
2012-07-17;17.9;11.28;83.5;2.26
2012-07-18;22.5;28.92;42.5;6.39
2012-07-19;25.6;28.18;26.6;7.9
2012-07-20;23.7;21.92;42.1;5.07
2012-07-21;21.6;24.66;55.7;4.89
2012-07-22;24.3;19.03;42.1;4.51
2012-07-23;22.4;25.21;54.6;5.07
2012-07-24;21.5;23.39;55;4.65
2012-07-25;16.9;25.57;62.5;4.54
2012-07-26;16.8;28.57;54.4;5.02
2012-07-27;19.5;17.05;47.4;3.48
2012-07-28;21.7;28.64;41;6.36
2012-07-29;21;20.74;45.7;4.38
2012-07-30;20.8;24.97;47;5.08
2012-07-31;23.9;25.43;34.1;6.43
2012-08-01;20.7;24.36;47.4;4.93
2012-08-02;19.4;19.07;46.5;3.89
2012-08-03;13.4;8.51;69;1.55
2012-08-04;12.5;26.22;62;3.99
2012-08-05;18.1;27.9;38.3;5.93
2012-08-06;23.1;25.14;26.7;6.82
2012-08-07;21.5;24.4;28.8;6.3
2012-08-08;19.7;27.21;35.8;6.2
2012-08-09;21.1;13.61;41.7;3.18
2012-08-10;21.1;20.82;41.3;4.67
2012-08-11;14.2;11.67;87.2;2.07
2012-08-12;15.9;23.22;66.7;4.04
2012-08-13;17.3;23.28;53.4;4.21
2012-08-14;19.5;24.64;37.7;5.51
2012-08-15;13.8;6.02;72.8;1.21
2012-08-16;9.5;22.68;67.8;2.98
2012-08-17;14.6;25.87;47.2;4.45
2012-08-18;13.6;25.77;40.6;4.66
2012-08-19;14.1;25.73;40.2;4.76
2012-08-20;19.2;17.62;31.8;4.32
2012-08-21;19.5;25;27.1;6.3
2012-08-22;19.2;20.65;31.1;5.03
2012-08-23;20.7;20.7;29.9;5.27
2012-08-24;19.7;23.18;28;5.85
2012-08-25;13.3;23.75;33.7;4.64
2012-08-26;16.2;22.23;35.9;4.7
2012-08-27;23.7;22.3;26.8;6.17
2012-08-28;24.1;20.94;28.6;5.75
2012-08-29;25.5;20.79;21.8;6.27
2012-08-30;18.5;21.04;32;4.98
2012-08-31;22.6;15.17;34.1;3.95
2012-09-01;22.6;20.17;34;5.1
2012-09-02;18.3;22.33;41.5;4.67
2012-09-03;17.8;23.04;23.8;5.81
2012-09-04;15.1;21.51;24.8;4.99
2012-09-05;12.5;22.21;37;4.06
2012-09-07;10.6;19.93;60.8;2.83
2012-09-08;15.7;22.7;34.9;4.78
2012-09-09;20.4;22.37;19.5;6.27
2012-09-10;23.8;17.51;21.6;5.24
2012-09-11;12.5;16.24;36.7;3.07
2012-09-12;9;11.48;38.1;1.85
2012-09-13;11.8;21.33;46.2;3.37
2012-09-14;14.1;21.16;23.3;4.83
2012-09-15;18.6;18.18;15.1;5.21
2012-09-16;10.7;18.16;44;2.84
2012-09-17;6.6;15.99;54.5;1.71
2012-09-18;14.9;20.36;30.5;4.44
2012-09-19;10.4;19.16;37.7;3.17
2012-09-20;14.4;17.91;33.1;3.77
2012-09-21;11.8;19.55;41.4;3.32
2012-09-22;11;19.44;43.1;3.1
2012-09-23;13.1;16.74;35.5;3.29
2012-09-24;13.9;15.9;35.1;3.25
2012-09-25;13.4;17.25;31.7;3.57
2012-09-26;17.2;17.2;32;4.02
2012-09-27;13.2;9.24;48.5;1.68
2012-09-28;14.2;17.4;42.7;3.25
2012-09-29;17.1;17.13;36.6;3.78
2012-09-30;14;13.25;39.5;2.64
2012-10-01;9.2;17.71;51.3;2.33
2012-10-02;15.8;16.92;27.4;4
2012-10-03;3.7;3.89;81;0.37
2012-10-04;-2.5;9.15;92.3;0
2012-10-05;-3.2;6.81;88.7;0
2012-10-06;-4.9;16.19;74;0
2012-10-07;2;14.66;55.9;0.61
2012-10-08;2.5;3.58;75.9;0.25
2012-10-09;-1.2;4.81;92.5;0
2012-10-10;7.4;15.95;52.9;1.85
2012-10-11;1;5.87;90.7;0.15
2012-10-12;11.1;14.84;42.9;2.46
2012-10-13;10.6;11.73;45.5;1.89
2012-10-14;8.9;14.67;51.9;1.94
2012-10-15;12.5;12.26;37.4;2.39
2012-10-16;7.6;4.6;66.9;0.7
2012-10-17;0.4;7.85;60.2;0.08
2012-10-18;0.3;14.49;42.1;0.11
2012-10-19;8;12.04;33.2;1.89
2012-10-20;11;11.97;38.1;2.16
2012-10-21;3;3.27;90.1;0.28
2012-10-22;7.3;2.73;74.1;0.49
2012-10-23;4.8;3.47;89;0.42
2012-10-24;-1.2;0.93;94;0
2012-10-25;-7.7;1.96;92.2;0
2012-10-26;-6.7;6.93;89;0
2012-10-27;-2.6;11.43;69.1;0
2012-10-28;2.6;7.08;57.2;0.42
2012-10-29;10.3;6.97;49.3;1.16
2012-10-30;9.2;11.24;51.3;1.57
2012-10-31;9.9;10.9;44.5;1.73
2012-11-01;10.2;5.27;35.9;1.11
2012-11-02;3.5;9.8;77.2;0.7
2012-11-03;4.9;10.86;55.2;0.99
2012-11-04;3.6;2.02;60.2;0.25
2012-11-05;5.8;6.23;60.9;0.72
2012-11-06;4.4;9.67;57.7;0.83
2012-11-07;9.7;10.64;33.1;1.92
2012-11-08;0.3;9.36;73.9;0.07
2012-11-09;4.2;8.54;70.6;0.72
2012-11-10;-9.3;1.04;90;0
2012-11-11;-14.8;3.94;86.5;0
2012-11-12;-6.4;8.98;63.3;0
2012-11-13;-1;8.39;60.6;0
2012-11-14;1.4;8.18;54;0.27
2012-11-15;0.5;9.25;62.3;0.11
2012-11-16;6.3;8.86;35.9;1.21
2012-11-17;5.3;8.94;44.1;0.97
2012-11-18;5.6;7.82;56.4;0.84
2012-11-19;3.4;8.46;45.6;0.64
2012-11-20;7.6;7.24;45.1;1.04
2012-11-21;7.3;6.78;41.7;1.01
2012-11-22;-4.7;4.21;84.1;0
2012-11-23;-1.3;7.27;48.7;0
2012-11-24;3.9;5.74;48.3;0.51
2012-11-25;-3.4;2.26;90.5;0
2012-11-26;-7.7;8.76;84.5;0
2012-11-27;-1.4;7.66;30.4;0
2012-11-28;4.1;5.13;26.6;0.64
2012-11-29;3.4;6.8;51.1;0.51
2012-11-30;5.4;4.79;51.6;0.56
2012-12-01;5.3;6.66;50.7;0.71
2012-12-02;7.4;3.76;44.8;0.64
2012-12-03;1.2;7.81;53.4;0.23
2012-12-04;1.7;5.57;41.3;0.27
2012-12-05;4.6;4.16;57;0.46
2012-12-06;-3.2;2.24;58.1;0
2012-12-07;-6.7;2.57;88;0
2012-12-08;-11.5;2.84;76.8;0
2012-12-09;-17.5;7.56;76.8;0
2012-12-10;-9.9;2.11;86;0
2012-12-11;-5.2;4.89;67.4;0
2012-12-12;-0.6;4.58;56.5;0
2012-12-13;-0.1;5.99;54.6;0
2012-12-14;1.5;6.34;37.9;0.28
2012-12-15;-3.4;4.55;55.1;0
2012-12-16;-5.2;5.08;71.4;0
2012-12-17;-3.1;3.51;66.5;0
2012-12-18;-6.3;7.27;56;0
2012-12-19;-10.2;5.06;62.8;0
2012-12-20;-5.3;7.21;31;0
2012-12-21;1.5;7.36;22.6;0.37
2012-12-22;1.1;6.86;24;0.26
2012-12-23;-4.2;4.22;63.7;0
2012-12-24;-10.1;3.43;75.4;0
2012-12-25;-14.4;4.33;77.1;0
2012-12-26;-7.7;3.93;67;0
2012-12-27;-13.4;3.19;86;0
2012-12-28;-10.7;1.95;87.7;0
2012-12-29;-6.3;6.7;54.3;0
2012-12-30;-9.9;4.85;78.1;0
2012-12-31;-9.6;7.39;67.6;0
